artificial:
735  [2, 60, 180, 0, 180], [6, 60, 180, 180, 180, 0, 0, 0, 180]

evolved from artificial
970  [4, 48, 175, 4, 186, 185, 175], [8, 47, 172, 188, 179, 10, 11, 185, 177, 174, 172]
2874 [3, 21, 174, 2, 224, 174], [7, 21, 134, 176, 181, 5, 0, 196, 161, 134]

completely natural:
1207 [9, 24, 127, 170, 97, 70, 80, 191, 0, 120, 121, 127], [4, 24, 210, 169, 203, 122, 210]
1673 [9, 21, 150, 179, 94, 86, 89, 207, 0, 137, 132, 150], [4, 21, 217, 172, 167, 109, 217]

14560 [24, 98, 295, 14, 205, 173, 202, 80, 14, 121, 68, 162, 96, 322, 266, 276, 274, 271, 270, 279, 282, 284, 252, 273, 259, 283, 295], [11, 148, 155, 87, 92, 79, 37, 96, 210, 176, 174, 166, 178, 155]
14812 [24, 200, 224, 23, 66, 88, 118, 111, 174, 121, 62, 78, 156, 213, 98, 170, 97, 306, 264, 273, 265, 272, 270, 274, 263, 252, 224], [7, 202, 215, 93, 91, 234, 176, 178, 170, 215]